144 110 360 261 360 110 144 261
109 51 424 270 242 51 109 270
295 134 500 455 500 134 295 455
82 109 234 348 234 109 82 348
115 102 396 230 396 102 115 230
349 215 695 421 695 215 349 421
0 129 727 512 727 129 0 512
79 74 716 526 716 74 79 526
88 79 700 543 700 79 88 543
72 64 1016 743 1016 64 72 743
48 115 462 679 462 115 48 679
88 162 423 493 423 162 88 493
208 139 590 434 590 139 208 434
207 62 547 445 547 62 207 445
44 35 223 211 223 35 44 211
134 256 568 598 568 256 134 598
137 109 851 419 851 109 137 419 
44 71 752 476 752 71 44 467
95 90 833 652 833 90 95 652